233985008
274769005
44779003
392291006
54329005
7305005
195967001
441574008
49601007
64586002
193570009
68478007
126951006
432504007
67531005
425687007
429466000
84522009
67186000
102286006
50310005
312104005
90688005
197613008
90688005
254915003
93761005
373662000
79410001
53741008
13003007
24308003
127013003
4855003
123844007
371405004
197321007
6885006
420120006
234646005
353295004
269475001
15188001
52072009
315058005
52311001
11282001
419503008
34486009
82196007
422504002
89369001
126880001
404148006
126837005
126851005
126851005
58557008
67186000
102286006
77224008
126713003
53165003
13445001
290680001
41797007
41797007
233845001
37796009
4473006
404659001
49817004
32916005
253098009
253098009
253098009
362975008
25087005
84494001
307576001
123843001
126859007
126859007
399957001
126906006
702391001
29555009
69896004
58214004
126488004
254632001
402815007
79471008
41797007
58557008
67186000
102286006
50310005
 54735007
234467004
126729006
58557008
84522009
67186000
102286006
50310005
118287003
46635009
44054006
427216002
126885006
237897009
111293003
414173003
302849000
26926005
15454001
361339003
19776001
248202004
19776001
244486005
19776001
302548004
19776001
256876008
19776001
181268008
259512006
15454001
308820002
126824007
18250007
262225004